2 0
44 0
515 1
517 1
322 2
581 2
262 2
583 2
136 2
145 2
210 2
594 2
278 2
347 2
221 2
222 2
351 2
353 2
546 2
227 2
547 2
228 2
230 2
232 2
298 2
235 2
555 2
238 2
111 2
239 2
241 2
245 2
118 2
246 2
250 2
634 2
762 2
252 2
190 2
254 2
774 3
721 4
626 4
548 4
519 4
538 4
570 4
639 4
776 5
800 6
610 6
770 6
802 6
613 6
778 6
810 6
786 6
914 6
787 6
790 6
794 6
859 6
701 6
797 6
266 7
87 8
523 8
864 9
98 9
771 9
772 9
775 9
777 9
779 9
784 9
785 9
824 9
410 9
798 9
862 9
1 10
3 10
4 10
37 10
9 10
11 10
13 10
18 10
20 10
21 10
22 10
24 10
25 10
406 11
439 11
392 11
793 11
445 11
431 11
576 12
577 12
805 12
530 12
502 12
505 12
601 12
795 12
541 12
542 12
606 12
703 12
799 12
33 13
34 13
19 13
39 13
27 13
28 13
29 13
30 13
15 13
31 13
260 14
264 14
73 14
267 14
268 14
269 14
78 14
207 14
208 14
17 14
273 14
340 14
277 14
341 14
215 14
218 14
286 14
350 14
287 14
289 14
420 14
294 14
300 14
247 14
696 14
379 14
253 14
160 15
529 15
593 15
291 15
534 15
512 16
513 16
549 16
550 16
487 16
475 16
491 16
258 17
259 17
292 17
261 17
38 17
231 17
295 17
236 17
206 17
398 17
49 17
243 17
275 17
276 17
54 17
248 17
280 17
219 17
60 17
62 17
352 18
369 18
290 18
354 18
355 18
84 18
436 18
296 18
315 18
310 19
450 20
198 20
200 20
585 20
524 20
525 20
270 20
274 20
339 20
531 20
468 20
533 20
536 20
537 20
540 20
543 20
544 20
545 20
492 20
174 20
562 20
371 20
563 20
564 20
628 20
565 20
312 20
569 20
571 20
313 21
316 21
301 21
578 22
579 22
572 22
573 22
574 22
320 23
324 23
328 23
329 23
330 23
302 23
334 23
303 23
335 23
305 23
337 23
338 23
307 23
500 23
309 23
311 23
343 23
535 23
344 23
568 23
314 23
318 23
319 23
803 24
813 24
814 24
819 24
885 24
792 24
826 24
890 24
891 24
828 24
702 24
830 24
894 24
831 24
640 25
580 25
566 25
575 25
832 26
836 26
806 26
822 26
870 26
823 26
808 26
856 26
907 26
66 27
67 27
695 27
74 27
75 27
833 28
709 28
837 28
903 28
906 28
652 28
780 28
717 28
781 28
845 28
846 28
847 28
912 28
913 28
850 28
723 28
724 28
852 28
789 28
727 28
729 28
730 28
858 28
796 28
860 28
863 28
676 28
809 28
811 28
875 28
879 28
816 28
754 28
758 28
889 28
763 28
827 28
892 28
510 28
766 28
767 28
326 29
736 30
10 30
26 30
138 30
458 30
459 30
731 30
12 30
589 30
14 30
148 31
308 31
103 31
135 31
233 31
281 31
333 31
142 31
80 32
128 32
82 32
551 32
592 33
595 33
644 33
597 33
598 33
584 33
602 33
588 33
607 33
609 34
612 34
614 34
615 34
552 34
587 34
596 34
599 34
600 34
665 34
603 34
604 34
605 34
511 34
496 35
417 35
857 35
282 35
507 35
539 35
508 35
509 35
608 36
112 37
97 37
452 37
532 37
916 37
71 37
120 37
616 37
554 37
107 37
590 37
865 38
821 38
918 38
807 38
905 38
923 38
861 38
877 38
611 39
102 40
375 40
471 40
137 40
122 40
125 40
931 41
871 41
872 41
873 41
874 41
876 41
940 41
910 41
911 41
886 41
887 41
920 41
926 41
358 42
279 42
360 42
520 42
171 42
363 42
364 42
317 42
365 42
366 42
367 42
64 43
65 43
68 43
5 43
69 43
70 43
7 43
8 43
72 43
77 43
79 43
528 43
81 43
23 43
88 43
89 43
92 43
476 43
94 43
95 43
32 43
96 43
36 43
100 43
40 43
104 43
41 43
42 43
106 43
43 43
556 43
45 43
109 43
46 43
47 43
48 43
114 43
51 43
115 43
52 43
55 43
56 43
57 43
58 43
59 43
61 43
63 43
625 44
631 44
618 44
619 44
621 44
622 44
878 45
888 46
782 46
632 47
633 47
405 48
380 48
399 48
880 49
881 49
897 49
930 49
899 49
935 49
937 49
922 49
130 50
16 51
416 51
642 51
646 51
855 51
635 51
636 51
671 51
643 52
648 52
321 53
323 53
649 53
123 53
284 53
349 53
144 54
147 55
756 55
760 55
384 56
385 56
387 56
388 56
389 56
390 56
391 56
394 56
395 56
396 56
527 56
432 56
403 56
404 56
441 56
381 56
382 56
383 56
867 57
868 57
917 57
654 57
132 58
149 58
327 58
522 58
331 58
124 58
157 58
660 59
662 59
678 59
663 59
681 59
919 60
835 61
839 61
841 61
843 61
908 61
653 61
655 61
656 61
848 61
657 61
849 61
658 61
851 61
853 61
854 61
666 61
667 61
866 61
675 61
682 61
620 61
623 61
624 61
688 61
689 61
820 61
629 61
825 61
192 62
151 62
152 62
153 62
155 62
177 63
627 63
412 63
414 63
895 63
869 64
842 64
924 64
927 64
257 65
834 65
516 65
582 65
263 65
265 65
521 65
651 65
140 65
332 65
209 65
150 65
342 65
217 65
283 65
156 65
285 65
669 65
158 65
288 65
929 65
293 65
485 65
167 65
168 65
105 65
617 65
170 65
173 65
237 65
110 65
558 65
559 65
304 65
560 65
113 65
561 65
178 65
242 65
306 65
179 65
116 65
180 65
244 65
119 65
121 65
377 65
189 65
674 66
85 66
86 66
526 66
159 66
672 67
941 67
932 68
448 69
386 69
421 69
6 69
714 69
684 69
716 69
815 69
817 69
402 69
407 69
473 69
474 69
506 69
477 69
478 69
900 70
901 70
933 70
902 70
934 70
904 70
936 70
909 70
751 70
422 71
424 72
409 72
444 72
896 73
928 73
921 73
938 73
472 74
411 74
427 74
449 75
418 75
356 75
423 75
428 75
397 75
430 75
400 75
401 75
373 75
378 75
413 75
415 75
447 75
176 76
50 76
162 76
514 76
183 76
647 76
376 76
685 76
175 76
692 77
557 77
769 78
325 78
645 78
840 78
586 78
844 78
272 78
659 78
661 78
668 78
670 78
224 78
673 78
226 78
164 78
677 78
679 78
680 78
240 78
182 78
185 78
186 78
187 78
443 78
188 78
191 78
720 79
705 79
739 79
883 79
518 79
726 79
697 79
698 79
699 79
700 79
719 79
446 80
704 81
706 81
738 81
707 81
708 81
710 81
713 81
715 81
193 82
195 82
165 82
199 82
169 82
234 82
362 82
299 82
172 82
591 82
368 82
372 82
694 82
184 82
346 82
201 83
204 84
271 84
898 85
451 85
453 85
454 85
455 85
456 85
712 85
457 85
650 85
460 85
461 85
462 85
463 85
464 85
466 85
469 85
408 85
733 85
925 85
482 85
419 85
489 85
553 85
490 85
683 85
493 85
495 85
433 85
434 85
435 85
437 85
438 85
630 85
440 85
442 85
637 85
638 85
737 86
740 86
741 86
742 86
711 86
743 86
718 86
753 86
722 86
818 86
915 86
725 86
728 86
0 87
133 87
357 87
166 87
393 87
139 87
203 87
76 87
465 87
146 87
83 87
211 87
212 87
213 87
214 87
374 87
216 87
345 87
220 87
223 87
882 88
939 88
732 88
750 88
690 89
567 89
664 89
686 89
734 89
687 89
735 89
481 90
483 90
470 90
503 90
488 90
504 90
90 90
91 90
494 90
479 90
480 91
484 91
486 91
768 92
801 92
804 92
773 92
838 92
744 92
745 92
746 92
747 92
748 92
812 92
783 92
752 92
788 92
884 92
759 92
761 92
764 92
829 92
497 93
498 93
499 93
755 94
757 95
749 95
893 95
641 96
35 96
691 96
501 96
791 96
361 96
93 96
370 97
53 97
117 97
181 97
229 97
359 97
249 97
348 97
141 97
255 97
256 98
129 98
194 98
131 98
196 98
197 98
134 98
202 98
205 98
143 98
336 98
467 98
154 98
161 98
225 98
99 98
163 98
101 98
297 98
425 98
426 98
108 98
429 98
693 98
251 98
126 98
127 98
765 99
